3.381385508769533393e-02
5.355818060713913448e-02
2.003687406816374514e-02
3.263508046155660924e-02
3.148980684556013099e-02
3.443136312324317910e-02
3.943258305919165180e-02
4.524328996876753745e-02
2.605864519324693068e-02
2.528962926060020558e-02
4.421824280447467226e-02
4.295027409329787299e-02
3.899535258010365657e-02
4.167594883404071582e-02
3.667720271493073864e-02
3.690584957057677779e-02
2.905777022157386702e-02
4.395990481244323178e-02
4.728187693750200704e-02
3.649539236572659634e-02
