4.019288897159573049e-02
2.992668443726206190e-02
4.468382894539458389e-02
4.216262323582374572e-02
2.332922982341887122e-02
3.381045969626810671e-02
4.859412439360679542e-02
5.451380730019090431e-02
5.454461472622572360e-02
3.865861353389687255e-02
4.646512131205122326e-02
4.542906613288302115e-02
2.631132467262740568e-02
3.795320599742371681e-02
3.533875529578380664e-02
2.719729349614390806e-02
4.046815649139626214e-02
3.686727373257878138e-02
3.508942590029612285e-02
4.025708823142588183e-02
