3.647122514930774273e-02
3.397133856814133629e-02
3.571258329889648309e-02
3.697664084587973243e-02
3.596523501071815371e-02
3.760138884741989762e-02
3.583092668395591873e-02
3.831122726356101654e-02
3.743340706631030634e-02
3.681744721979349905e-02
3.622169033151233924e-02
3.687122936992978661e-02
3.056902826027168424e-02
3.274473299555647615e-02
3.142429629707012284e-02
3.611842005935383265e-02
3.694425699205614033e-02
3.609045963530992801e-02
3.682912544940692562e-02
3.122817377045749437e-02
