5.103722855754462551e-02
4.341558629858140866e-02
4.964776379011831553e-02
4.737690132862464043e-02
3.420983032649533434e-02
3.218304809722107029e-02
3.865152693863629918e-02
2.591099441677255713e-02
3.092947284077437325e-02
2.988246153097543628e-02
3.319843923722336221e-02
5.295619588948961842e-02
3.220466368519853129e-02
2.816015158464967028e-02
4.547587211496636334e-02
4.133248446518447000e-02
3.074742857618217862e-02
4.271520079948120524e-02
4.094149550035565410e-02
3.568252862985343138e-02
