3.755810132739780677e-02
3.655369476217538993e-02
3.939595214371792442e-02
4.150380566681396294e-02
3.600841956000255806e-02
4.434791420005710499e-02
3.462646635377168020e-02
4.906420211261768027e-02
6.540994821905973811e-02
5.155365661844730357e-02
3.602825280686824255e-02
3.569652560262742691e-02
4.710557503338141244e-02
4.202881943689482092e-02
3.508635899084727727e-02
2.808537303999806417e-02
2.874091030778332806e-02
2.607648969568936159e-02
2.998134281515278665e-02
6.408446324864577881e-02
