4.102796051079447143e-02
2.724585050079241996e-02
2.313934219192937194e-02
2.453965109506327930e-02
5.545474728731782793e-02
3.519316677589447162e-02
2.970706407868075813e-02
3.788973752137963363e-02
4.486041214651600995e-02
5.313273249412701904e-02
4.176296051026380518e-02
4.100942582572745382e-02
3.064958197909092158e-02
3.564457799944670963e-02
4.957619019122475046e-02
3.243158596266333682e-02
6.490677086347214353e-02
3.573998868313481292e-02
4.219087109527958068e-02
2.976974753020811271e-02
