3.800388477252937547e-02
3.470306220245903545e-02
3.696087017234225836e-02
3.350094913924100970e-02
3.292765979517961461e-02
3.427094402047672905e-02
3.685613438298643990e-02
3.724493309487325599e-02
3.669573633982627092e-02
3.743930310909229786e-02
3.511906006751862319e-02
3.745798041327692146e-02
3.679870900385182053e-02
3.607217287153304669e-02
3.678813291995578633e-02
3.367200990817546813e-02
3.601035246637067366e-02
3.698417098635025518e-02
3.424442146771742440e-02
3.569348260871368916e-02
