2.805032752232609547e-02
3.290368803627172906e-02
4.308860690116261827e-02
5.195118620925347208e-02
3.088739624830205699e-02
5.329538585567043102e-02
4.625936539028367017e-02
3.285164857520549153e-02
4.128177778021723671e-02
2.738448822775010547e-02
3.011262205534353392e-02
4.200007541382812931e-02
3.591578368423203882e-02
2.628919432312083054e-02
4.716147297262809901e-02
3.678393248788177500e-02
4.505639803440672497e-02
2.716214699833777516e-02
3.878451742939379582e-02
3.050308012189845500e-02
