3.800411666449177855e-02
3.313055411322175792e-02
3.287668988082904920e-02
3.819215883610806161e-02
3.623810548133625520e-02
3.552693028987161106e-02
3.458521220242971594e-02
3.144267976552560934e-02
3.312760194732858321e-02
3.780568328381625487e-02
3.746105699781902137e-02
3.727989176083875561e-02
3.837581808842874254e-02
3.595663195346555235e-02
3.661383010258804221e-02
3.637559775840158716e-02
3.721590352398061047e-02
3.608306732552300083e-02
3.662169053377613281e-02
3.358548388832153370e-02
