3.988467929290592795e-02
3.514608582040784635e-02
4.599459178494072487e-02
4.323724293578903172e-02
4.417800508430386880e-02
2.307821935390943352e-02
3.587976464928733372e-02
3.957690019226225986e-02
3.875951972023915226e-02
4.233618514213418477e-02
3.184011655170401744e-02
3.051336150234369021e-02
3.721312021998365166e-02
5.683001461722406167e-02
3.979804267548672780e-02
3.584469988591335032e-02
4.107219291168417302e-02
4.286809948777309948e-02
3.500840768920941704e-02
4.844658218746822342e-02
