3.036026838816115181e-02
4.836187617036614983e-02
3.654050708314651730e-02
2.999099784869515770e-02
3.209957398476161183e-02
3.769598336587107190e-02
3.927534410116390040e-02
4.858817308807337337e-02
3.698194241829108608e-02
3.440017153980867715e-02
3.701629137206868120e-02
3.836514003781259230e-02
5.185168114777725934e-02
3.796777768939519487e-02
4.835544058527736083e-02
4.408909037036972539e-02
3.472284259191873307e-02
2.356712433144982771e-02
4.024823981730405592e-02
4.733670055093480711e-02
