3.631744299124921305e-02
3.283320825801908788e-02
3.426573193664938372e-02
3.496329849586563704e-02
3.594186089609539142e-02
3.292965927948864752e-02
3.847527390577061557e-02
3.107942554404783883e-02
3.788947854467836912e-02
3.711138383546472991e-02
3.591892572695901814e-02
3.885742843469576491e-02
3.647665562364130892e-02
3.703084111948362622e-02
3.722600813759621707e-02
3.693299553286092524e-02
3.721472296379056688e-02
3.854678157504655422e-02
3.663214834933841563e-02
3.674301653413461488e-02
