4.710279424172821722e-02
3.230127345745049949e-02
3.635799351684278896e-02
3.802385975267925239e-02
4.183248079367036382e-02
3.629986999369229361e-02
4.945176832437474940e-02
2.430682557922681300e-02
4.720395232034139271e-02
2.888928497727372147e-02
4.711410528129426900e-02
2.401089067159905763e-02
3.588843783283410943e-02
4.061717376528391904e-02
4.058100466200444817e-02
4.462792403901520710e-02
3.413953018636167042e-02
5.371768965040434746e-02
3.532402276903632427e-02
4.859440503210370188e-02
