4.546294879503837150e-02
2.968330097638235618e-02
2.728114872968418966e-02
3.505976967940931804e-02
4.270680259968174380e-02
4.786659156102271440e-02
4.891047554256079677e-02
4.169475308061999785e-02
4.398925017720283631e-02
3.266079488885267890e-02
2.639260235301665175e-02
5.121968317635425261e-02
3.764668780022418365e-02
1.874053782159770462e-02
4.261419414930570082e-02
3.468643327297854517e-02
2.437852273843007719e-02
3.506831699209660841e-02
3.709468834815998067e-02
3.728348036178617819e-02
