3.731067488023539352e-02
3.751582870718814938e-02
3.851134735520316682e-02
4.325957166930759906e-02
2.908867735154821790e-02
4.043364807404382921e-02
4.015280842629864733e-02
4.057066554800502212e-02
2.736084865031709543e-02
3.476881771482220190e-02
4.859767729618870435e-02
3.274174429538043163e-02
4.127552101498004750e-02
3.919888050612267000e-02
3.259216684095236211e-02
4.059790706497960755e-02
3.908140159865414187e-02
4.077337243544413431e-02
5.266145309210048392e-02
4.459173605531438489e-02
