3.645170292059427691e-02
4.909135217125906725e-02
4.407644721384767345e-02
4.228093821761733789e-02
2.053896150082420990e-02
3.965247689400818593e-02
3.359572259484274598e-02
3.101262646085465452e-02
4.411127608399572492e-02
3.532738064364514263e-02
3.576825598703815140e-02
4.026832568789043276e-02
4.119804272174618781e-02
3.924824753550952561e-02
4.540304928508525489e-02
3.355761559035252972e-02
4.358741324450217391e-02
3.624742834347416398e-02
3.413235564044447834e-02
3.555692607143248057e-02
