3.181665152577766581e-02
3.754816543701090803e-02
3.230174873968894023e-02
4.147319277075268984e-02
3.928180881395269136e-02
3.884177644920109446e-02
3.445973370795935020e-02
4.034592110339371013e-02
2.768513459227226609e-02
2.667283926446365958e-02
2.788220550164077771e-02
3.947011598732919069e-02
4.752419027723958633e-02
3.529276534110132452e-02
5.809558272420772829e-02
3.432405031549986413e-02
4.155482525875713040e-02
2.602339398527384051e-02
4.692124418361023203e-02
4.670300086543938828e-02
