4.432515391113667214e-02
3.437646182957202617e-02
2.011086358356047737e-02
4.066638014782252009e-02
3.197620604013353546e-02
4.295700703185501707e-02
3.051537688991231081e-02
3.287371383807029951e-02
4.628088466133940121e-02
3.611035141080549959e-02
3.827178021465665880e-02
3.258674100814791530e-02
4.425593802209677741e-02
4.685586304182057932e-02
2.441943704345869368e-02
4.122784517702750284e-02
5.218334778929074186e-02
4.739279745989564280e-02
4.272853063678900415e-02
4.335317951285740101e-02
