3.864035978092056345e-02
3.635053516996585021e-02
3.672884615192371222e-02
3.256033197042875610e-02
2.735769233332668859e-02
3.671019963501177125e-02
3.695165262620601215e-02
3.708257331311107935e-02
3.759838186747516131e-02
3.556353553311007026e-02
3.559596985830906085e-02
3.602943291239082274e-02
3.476556264243224614e-02
3.638715954981377315e-02
3.304356123509145232e-02
3.276276236006295944e-02
3.659455902313733799e-02
3.440751023617345111e-02
3.744988746456004436e-02
3.846585076858268643e-02
