5.011983786726582901e-02
2.849260446066184671e-02
5.330487478419770192e-02
4.654861463659138582e-02
3.013307766657664227e-02
3.582622609975151529e-02
4.692491291367516248e-02
3.830890909247586240e-02
5.181629009788019796e-02
5.091492415362460638e-02
3.454952835182419080e-02
4.006831137704782581e-02
5.294239543790554836e-02
3.756476061309079600e-02
2.695117036611508615e-02
4.292548410052779428e-02
3.675962130210370243e-02
2.962807613866992942e-02
4.741529530999116782e-02
2.678349483281889168e-02
