5.762514987487028784e-02
4.899519178258578134e-02
2.948811790884106609e-02
3.190454148233193982e-02
4.761462078974217776e-02
3.662581293809363814e-02
3.177469981137054367e-02
4.525383045638498719e-02
2.284683663759711283e-02
4.283065973779158486e-02
4.715463247091117305e-02
4.461102858792245773e-02
3.629896813143624473e-02
3.850642430940173083e-02
4.441718190480409278e-02
3.942428078867670632e-02
4.439980176757973157e-02
4.818238854305869484e-02
3.800159431769299656e-02
3.607599961643151443e-02
