5.257836491686768837e-02
3.218159384769960635e-02
3.197362819806166823e-02
4.472873036481488096e-02
3.267897765270301458e-02
4.307676890256014607e-02
3.534894339505581518e-02
4.381449658082990639e-02
3.293557388122392987e-02
4.223054895900912181e-02
3.511794055942987769e-02
2.659190830583812656e-02
5.181638010888307833e-02
3.393854913698987619e-02
4.375198032765993672e-02
4.304947854752576991e-02
2.656563505619624274e-02
2.866939971893335201e-02
3.381922492661829788e-02
3.586789085473422040e-02
