3.394093070128006290e-02
3.763727049864835916e-02
3.635874356764627613e-02
2.991482622184630721e-02
3.655824923582647740e-02
3.485095496990695679e-02
3.578652014421251221e-02
3.694817498674542178e-02
3.250210685090606372e-02
3.176585239181708292e-02
3.828792119010272776e-02
3.509916756308653629e-02
3.657650068314499681e-02
3.676281488252963747e-02
3.571883360676994523e-02
3.490239415881004476e-02
3.434393739406935153e-02
3.830146146390758094e-02
3.382741547235354473e-02
3.703936777060361230e-02
