4.315608397906299520e-02
4.730169796091402562e-02
3.498468273039725268e-02
4.541906647183373280e-02
3.221733297456861461e-02
3.566936878069996986e-02
3.119659159838883422e-02
3.017342114733563910e-02
5.201646132642719772e-02
3.887898309787296558e-02
4.167332202337969971e-02
3.631426879193384166e-02
3.072348598853968937e-02
4.986573711267405784e-02
3.731601000382251537e-02
3.350464177488718387e-02
3.846388588705448863e-02
3.377981277394616344e-02
3.738608901883565955e-02
4.464512260078574296e-02
