3.476272935904425182e-02
3.671577153300156771e-02
3.343961289914784696e-02
3.680051838925343932e-02
3.575969403330371554e-02
3.375825232206727117e-02
3.233134393303314230e-02
3.747938223852707168e-02
3.545496098628089787e-02
3.447379462978446274e-02
3.664693281229282340e-02
3.797922410706588286e-02
3.247244649796261068e-02
3.556862192646668280e-02
3.716205292456276760e-02
3.128498684490581966e-02
3.656709317397838221e-02
3.091235152270543907e-02
3.536299456945526248e-02
3.653990791778628094e-02
