3.730929209487691967e-02
3.622525926834741644e-02
3.519552550552992182e-02
3.590472407371329139e-02
3.657245744614306959e-02
3.201396301927836308e-02
3.270304916990829369e-02
3.652856150623685211e-02
3.672032929910258592e-02
3.797357268116392098e-02
3.773235567820482084e-02
3.936007288725537623e-02
3.297283674100447148e-02
3.573615910935170475e-02
3.723006645910031248e-02
3.525878071333796160e-02
3.585188724378331193e-02
3.678102023366364159e-02
3.897522530247449213e-02
2.680850433020501300e-02
