3.532767875460079282e-02
3.682414354602937812e-02
4.579671381608434177e-02
3.367209776922901188e-02
4.545980401597705250e-02
2.584096493128272554e-02
3.129378895199827482e-02
4.677452230519790061e-02
2.702540300552901120e-02
5.684011383688480218e-02
4.615856946617636486e-02
5.608281393122196978e-02
3.887197925562065060e-02
4.112040829641637474e-02
3.047098329466913294e-02
3.019060008195710229e-02
3.334807159762964018e-02
3.087300789144253529e-02
4.965329322005524598e-02
5.311828351131867021e-02
