4.413180075163899985e-02
3.669501861102208301e-02
2.963677483423229550e-02
3.002569934559418466e-02
4.130001781770454433e-02
3.224727170071052529e-02
2.845356088723301549e-02
3.591988219073444233e-02
3.978285471066243112e-02
5.046349255978807569e-02
2.818438332044280459e-02
4.878021346566378119e-02
4.735502747268156148e-02
4.485824645168046826e-02
3.522361557087137079e-02
3.341785452621105768e-02
4.214839138431709237e-02
6.466274283906463249e-02
3.648915794715226757e-02
3.581464897846389772e-02
