4.399235321572543544e-02
3.138950977513681878e-02
3.099922430837680903e-02
3.975906193129676719e-02
2.794768723406294147e-02
3.184630406473218378e-02
4.418889814568344870e-02
5.533283606494071583e-02
3.302673885148805361e-02
4.927534398835286406e-02
2.542657373752310601e-02
4.866260343285703366e-02
3.065278935378159403e-02
4.762446263158598425e-02
4.279397493424511034e-02
2.741224461779451227e-02
3.952875411838278202e-02
2.308361840478016791e-02
3.240174381406930176e-02
3.313455866800502775e-02
