2.566073463259190696e-02
3.683820354774188649e-02
3.696647337688580004e-02
5.030670834965560861e-02
3.332856943486112861e-02
5.510133315035171259e-02
4.926568381708196220e-02
2.667087535416073213e-02
3.750761454183310084e-02
3.920847072409087974e-02
3.297331585188180425e-02
3.657276064339255728e-02
4.021067457516305788e-02
3.228844935410003086e-02
4.629003884783671613e-02
4.193156355371030486e-02
3.097581005081313441e-02
2.823767381179427549e-02
2.538212693534270051e-02
4.984826829954068506e-02
