6.084982529144076224e+00
5.419186245459062690e+00
5.707778636279718931e+00
5.783882391402840994e+00
5.809879965360092768e+00
5.675048474710919777e+00
6.119658695456999808e+00
5.187182439398712930e+00
6.072696990052257604e+00
5.387223801180031302e+00
6.058883793077345814e+00
5.161792546787383529e+00
5.586869016219235817e+00
5.714953242824693191e+00
5.763667177362764349e+00
5.871435388586998982e+00
5.593350700897997463e+00
6.237094116310579750e+00
5.559171990298423793e+00
6.122050807700040842e+00
