5.939459427641307521e+00
5.233807929990252461e+00
6.849322011304522562e+00
6.438709166765276493e+00
6.578803526671967994e+00
3.436711788678372237e+00
5.343064308994591727e+00
5.893626252667925947e+00
5.771905375484828404e+00
6.304527413259255475e+00
4.741496829874097152e+00
4.543922023554885392e+00
5.541622037327819328e+00
8.462887807264216633e+00
5.926557865228210709e+00
5.337842611304569829e+00
6.116298983129135891e+00
6.383737870272098824e+00
5.213305479231251205e+00
7.214462154559281082e+00
