3.323330865664154032e+00
4.000099707228325308e+00
4.425856940485656921e+00
5.805320463895036198e+00
4.928947010472140455e+00
5.325401296778591309e+00
6.145669783537097253e+00
5.590352696976409241e+00
4.640842550648444309e+00
5.656155645677277910e+00
4.776094114143465852e+00
3.800531213588184354e+00
4.695040444188338213e+00
7.662357423512704990e+00
6.660065285599984009e+00
2.900149580803117466e+00
5.620937380385339743e+00
6.115612728390489750e+00
4.470881082480261171e+00
8.241587173490986018e+00
