6.616645257700445093e+00
5.816283665363958910e+00
5.174550267468426945e+00
5.286005168693067802e+00
6.139015226067059849e+00
3.609730750459354987e+00
5.591928652399644761e+00
4.851347926856890425e+00
5.510650889956435705e+00
4.740397185126893120e+00
6.712913410877983544e+00
5.625262943490719536e+00
5.335948648543738848e+00
4.840314121922580703e+00
8.198768731554412881e+00
4.888124538797513630e+00
5.400322368770819281e+00
6.837509201824893523e+00
4.768384495102462317e+00
4.851819289202384589e+00
