6.225746275333857938e+00
5.419893727344316403e+00
5.551522925012118748e+00
5.920385137510296047e+00
5.568421826357473847e+00
5.870830228132501105e+00
5.678257400797037668e+00
5.943887993239506784e+00
5.526976137062971972e+00
5.870407208280112421e+00
5.625312303929855595e+00
5.278888465971975030e+00
6.237015702751567581e+00
5.590417626505221449e+00
5.905021676385928231e+00
5.910393681637232000e+00
5.286771565202214695e+00
5.191590284232426633e+00
5.526969915379076781e+00
5.698179980995436544e+00
