6.977798921128745668e+00
6.348702808517388441e+00
7.006137951922144502e+00
6.030508371670610934e+00
5.774138710146814901e+00
5.768752403994816369e+00
6.539097918960230515e+00
5.776625579032533153e+00
6.757952855530811043e+00
5.951184365730767922e+00
6.849352586199402459e+00
6.247800422676350607e+00
6.685055850977395409e+00
6.829493919843682370e+00
6.867847642760954940e+00
6.664854991288384767e+00
6.396627340285413688e+00
5.817802606820761113e+00
7.013049587710115773e+00
6.591739011815733740e+00
