6.800277221828778806e+00
4.475305401468073541e+00
5.613740483574647833e+00
8.030103282557734090e+00
5.662328658944195681e+00
5.321266980976828265e+00
5.158525897261362125e+00
7.963197814832580157e+00
5.198433713739987638e+00
5.460263106827434321e+00
4.702824712911596983e+00
4.379791537363580289e+00
7.029682909989573680e+00
3.702085530668137725e+00
2.754195380925358538e+00
5.017885944725303915e+00
6.420923155320307885e+00
6.020815414119323528e+00
6.521111204222356683e+00
3.217806158932514649e+00
