5.689521005254965402e+00
7.241674224933425386e+00
7.452885686458787795e+00
6.771739664658835700e+00
5.117021088588706412e+00
5.360740517401104022e+00
5.153215638833293255e+00
5.467609691195504773e+00
5.711265063435904565e+00
4.624854575703628790e+00
5.627991961673195043e+00
5.697858167394921125e+00
6.567502071036280142e+00
6.212304346612145700e+00
4.078587914719945751e+00
3.876824356799280391e+00
5.917332313410192057e+00
5.144070607911686466e+00
5.825423723162849399e+00
5.858605348278082658e+00
