6.097660112893378503e+00
5.870154272048173638e+00
6.100870899859196506e+00
6.072445465185706048e+00
5.501673007268853333e+00
5.511209988563181561e+00
5.674150253568992497e+00
5.130777979524975940e+00
5.452532468631281937e+00
5.438162977421200139e+00
5.575545135155482335e+00
6.255151927122565070e+00
5.562274603545866114e+00
5.272274538973155344e+00
5.972926541864652883e+00
5.881219058284836265e+00
5.431400887999647153e+00
5.896148094680207841e+00
5.746006362207711327e+00
5.650449293166099451e+00
