5.772770868408824363e+00
5.585987590296637606e+00
5.819724220107143076e+00
5.796480483075733936e+00
5.693394720696009159e+00
5.944861446006827421e+00
5.591569877281865608e+00
6.101155560581721815e+00
6.520526174768994210e+00
6.193412253868719297e+00
5.603273827096949766e+00
5.699900210386074306e+00
6.010736425034242103e+00
5.923943589347716809e+00
5.603888748041804035e+00
5.394328806005698418e+00
5.350755355091950882e+00
5.328543411912356476e+00
5.449789674097718084e+00
6.549085844983590476e+00
