3.820049115265905737e+00
4.522584387609909662e+00
4.947300933230609488e+00
5.124923867381414588e+00
6.756577840516818867e+00
5.797364241514653571e+00
4.617643535660941545e+00
4.942390994818513406e+00
5.949533436967775479e+00
4.777747902603910468e+00
5.860350279491289172e+00
7.384783461001097393e+00
5.895864630499130676e+00
5.643274016485729128e+00
5.195013650708515840e+00
6.521797573012987570e+00
6.060948858119044047e+00
5.350023985287678308e+00
4.370864440682050933e+00
6.504717043938901710e+00
