5.556149468831571347e+00
5.586700117699634482e+00
5.734948586184917652e+00
6.442034268390753660e+00
4.331764025532910622e+00
6.021209559721633298e+00
5.979388095371600542e+00
6.041613628176328632e+00
4.074463010474647540e+00
5.177626743442049317e+00
7.236962605520723457e+00
4.875763458064757749e+00
6.146577752815313822e+00
5.837333143923159717e+00
4.853489009896041040e+00
6.045670320947996501e+00
5.819838677017916240e+00
6.071799888999280803e+00
7.842123080480359221e+00
6.640414610346656588e+00
