6.685921568080630095e+00
6.481960530199521564e+00
6.939576677489868395e+00
5.748804569032355261e+00
6.730836550946381891e+00
6.892001449041523564e+00
7.004758638728592501e+00
5.980101503122186912e+00
6.357836920842331097e+00
6.937695319756033818e+00
6.176793545600586910e+00
6.241488799730336545e+00
7.021582625305604175e+00
6.757015466558098815e+00
5.802909668717174618e+00
7.021916057261348598e+00
6.534419864569117387e+00
7.012207227050409664e+00
6.735556120680599612e+00
6.272310938433971472e+00
