5.227403928976220193e+00
5.691929772839519508e+00
5.659951564212181374e+00
6.043853313668538618e+00
5.578529188299408581e+00
6.274417142772936273e+00
6.120928448330274385e+00
5.314662004731963485e+00
5.772939990425745904e+00
5.813973511592574361e+00
5.580308182150365504e+00
5.689517647177555482e+00
5.835647653710640093e+00
5.517910191317816349e+00
5.985167020362519352e+00
5.896551546987395476e+00
5.494452108404942692e+00
5.309449252922864737e+00
5.289920694238506194e+00
6.125772096102898523e+00
