6.426623314797128117e+00
7.043970789646455621e+00
5.209772457684645808e+00
6.763617191678783058e+00
4.797670320120787757e+00
5.311733037279634750e+00
4.645665788508638983e+00
4.493299529416947991e+00
7.746073607562896868e+00
5.789695361531292939e+00
6.205816613128258830e+00
5.407768846402977836e+00
4.575212882263095082e+00
7.425796763571702819e+00
5.556943953092163824e+00
4.989370956103746479e+00
5.727880823079145145e+00
5.030348269088540825e+00
5.567379826540709509e+00
6.648364711121678816e+00
