6.664476481444947531e+00
6.083913330291209398e+00
6.172506718802923231e+00
5.925727412079559109e+00
5.961265867852127087e+00
5.833683799706053108e+00
5.829521865801983616e+00
6.989056348448997369e+00
5.931832431859902499e+00
6.297926628686549400e+00
6.656483921717615715e+00
6.025896717084142651e+00
6.813006092268705238e+00
6.125540157842431555e+00
6.954673165592644146e+00
6.430778811513889082e+00
6.268494972076403826e+00
6.499649843857196352e+00
6.817896572663448396e+00
6.795924878688748727e+00
