5.851581101634292459e+00
5.463035787208048610e+00
5.901438691389008895e+00
5.913167690880626992e+00
5.084621479240176711e+00
5.556841285241846506e+00
6.012426127354424388e+00
6.217051273968662528e+00
6.246295175847477843e+00
5.765069079293282606e+00
5.966548217711572732e+00
5.934798557603224722e+00
5.264682549732172312e+00
5.676044032678248641e+00
5.601011720169932318e+00
5.236984808408951864e+00
5.864818851776526287e+00
5.570690854437015282e+00
5.648261252837187385e+00
5.819009512009219343e+00
