6.002663769860502541e+00
5.568832187337816819e+00
5.391643425176803284e+00
5.452420040880486596e+00
5.781467843106917748e+00
5.496292675537985950e+00
5.367454909138216657e+00
5.638640898066403118e+00
5.802648013240053970e+00
6.081940332915534597e+00
5.311684227179553019e+00
6.061417109271260095e+00
6.031319631782373847e+00
5.936968743608919574e+00
5.651239823290350017e+00
5.528716553582848192e+00
5.878235547539608419e+00
6.569159335396873800e+00
5.696473059814788797e+00
5.572298652671231700e+00
