5.035417707850719182e+00
7.975659986905594856e+00
2.983807384008177799e+00
4.859879526479011780e+00
4.689330175306250403e+00
5.127374418823389846e+00
5.872135149503495022e+00
6.737441290842914654e+00
3.880544324494813679e+00
3.766025691931009334e+00
6.584795559476429361e+00
6.395974968483212564e+00
5.807024617510166742e+00
6.206207786883301658e+00
5.461815446604558311e+00
5.495864578844886772e+00
4.327161465224230952e+00
6.546324947408685979e+00
7.041019125900382924e+00
5.434741010694332353e+00
