6.223400075028394873e+00
6.989033782881735490e+00
6.997055525449355606e+00
5.758011184094499413e+00
6.522321401420155595e+00
6.592188378804036297e+00
6.701225601832637047e+00
7.002668052365295104e+00
6.945997127404145211e+00
6.677157517496844719e+00
6.552356648317642751e+00
6.005199307564088151e+00
6.126081586462368556e+00
6.409195708527280821e+00
6.531853175471589168e+00
6.403790068608358865e+00
6.192070368426612070e+00
6.389550098104160192e+00
6.122497839148275389e+00
6.880724962941792811e+00
