5.819234490554047845e+00
5.718254989476361239e+00
7.325947595088226016e+00
5.518019098153994939e+00
6.326180105262697140e+00
5.858460111973067264e+00
6.364192651053325100e+00
7.575825579042925639e+00
5.382216675738883183e+00
5.368740178300582144e+00
6.443654555850351073e+00
5.021479438340703538e+00
4.880904123819012064e+00
6.006844471252010820e+00
5.925790505777789541e+00
6.605302662849844353e+00
6.336291012744197815e+00
5.541737822376707534e+00
4.594737511887181824e+00
7.045237055481985422e+00
