6.982067910026415802e+00
6.287189524140484487e+00
6.636754100016451829e+00
6.997180717061947774e+00
6.011404321216081037e+00
6.773772858067803604e+00
6.566727982420022869e+00
6.443682046683338882e+00
6.976553949167397128e+00
6.990246012380948670e+00
6.276157757063622000e+00
6.776864135995961824e+00
6.670483768914266420e+00
6.675442397958346596e+00
6.523959489942279255e+00
6.749834360754022100e+00
6.960229412349121958e+00
6.442546113777092742e+00
6.931955314185035633e+00
6.509361009638718443e+00
