6.394127507277986844e+00
6.993534736785732342e+00
6.806168868953633933e+00
6.823317076881642684e+00
6.507170924047858129e+00
6.993047192433440529e+00
5.888220746539134076e+00
7.020316831442811711e+00
6.129436085660605826e+00
6.557380247480572244e+00
6.205228469611650866e+00
5.867519161952037265e+00
6.461887756328084542e+00
5.963454109689081406e+00
5.962752964796770527e+00
5.921310534754026911e+00
6.680988907027046508e+00
5.874334241375354537e+00
5.952593936728774793e+00
5.946265911048127073e+00
