5.802897017341925867e+00
6.534286310130119624e+00
6.649676385227330400e+00
6.769106788061309388e+00
6.409396528747904220e+00
7.020808187088005248e+00
6.979133683671562949e+00
6.600667233471486206e+00
6.459745104764261114e+00
5.804869886930237755e+00
6.089286585139164210e+00
5.927438049223717975e+00
6.998266789882884531e+00
6.606692868925980733e+00
6.278309398636767291e+00
6.578527938794770158e+00
6.260539042434149160e+00
6.169135419045486124e+00
5.863713927380559632e+00
6.919968528869041791e+00
