6.470509154545510455e+00
5.832596725599930032e+00
6.069404890562402954e+00
5.156673146126994567e+00
4.111809966041386488e+00
5.941949465054037205e+00
3.955258300386301329e+00
6.616929861249164269e+00
6.657069743932114037e+00
5.588494125987597094e+00
7.098398166757184491e+00
6.014332302242544337e+00
6.734549476502825982e+00
8.277016777061014352e+00
6.418290520972099955e+00
6.069236946343076866e+00
4.138442849260558276e+00
6.422895108186732926e+00
6.395809507015744799e+00
5.709551840854365068e+00
