4.738002516468251102e+00
5.591515568070609454e+00
4.810241162287097971e+00
6.176014202954377197e+00
5.849682480264394968e+00
5.784154703146132448e+00
5.131599247434150080e+00
6.008145626602432010e+00
4.122754315026189609e+00
3.972007533746718444e+00
4.152101289631916714e+00
5.877724396042181887e+00
7.077103413731964388e+00
5.255650829999654938e+00
8.651350910343332146e+00
5.111393844872722525e+00
6.188170571270540599e+00
3.875294862231581927e+00
6.987315206201180295e+00
6.954815325255434111e+00
