7.243957435001918910e+00
6.603191458482683629e+00
6.643889815464287807e+00
5.225869915180319403e+00
6.947914938093359360e+00
6.157918791145625015e+00
5.999074233022797742e+00
7.318998732219525571e+00
6.227066516854212530e+00
4.431208357794420571e+00
5.585024489708285245e+00
6.324554843259440062e+00
5.428241983030200224e+00
5.401345682191039721e+00
4.171986720159172712e+00
4.525197971531928154e+00
6.021573939252276020e+00
5.011347782660138250e+00
5.087710112653722305e+00
6.875450069877921067e+00
