5.863133029548893482e+00
5.355032593540650865e+00
5.175716687355484069e+00
5.120550212486691954e+00
6.249730760152249154e+00
5.527356443621888715e+00
5.438671504857129690e+00
5.784035569244164066e+00
5.919427442746842516e+00
6.196272701377210979e+00
5.894909360452004421e+00
5.819626678654443275e+00
5.311549402675111331e+00
5.677376270020698890e+00
6.076932975909678625e+00
5.470867706261435259e+00
6.553172132768668057e+00
5.588424962587389189e+00
5.908730814887705129e+00
5.269970549105402746e+00
