5.614103314919006493e+00
5.658514758313161863e+00
6.010518012061670134e+00
5.557149622822416646e+00
5.936994850457668171e+00
5.211631928967523919e+00
5.538534976019835909e+00
6.074151923079544879e+00
5.328409222985071025e+00
6.297624945592658285e+00
5.947394972870906571e+00
6.287139143983670131e+00
5.772359931771747554e+00
5.847790110766253768e+00
5.490993393016172952e+00
5.415161891571150576e+00
5.486047789823284226e+00
5.431894977233627131e+00
6.159004969937463159e+00
6.240237578774606497e+00
