6.176117483841208511e+00
5.349807816284084083e+00
6.179762209924980709e+00
5.968125520809111073e+00
5.439171452626449188e+00
5.570695123609041843e+00
5.999814807272882966e+00
5.703206575500793463e+00
6.164843427586505165e+00
6.186952168562701360e+00
5.652511280737815724e+00
5.844067090364781336e+00
6.160311843152413758e+00
5.719505197029136845e+00
5.343588840923770178e+00
5.908686571816399891e+00
5.741671891348197221e+00
5.465755770435953842e+00
6.029818369451512616e+00
5.329602049861470014e+00
