1.262663092555518229e+00
7.337608560253916501e-01
9.756723634108727117e-01
1.036039524920255861e+00
1.056421771172999069e+00
9.491840899163584977e-01
1.287553076741960512e+00
5.242806398790972322e-01
1.253761625080974884e+00
7.059664365091650184e-01
1.243740382107237474e+00
5.004082316322504553e-01
8.766817445156129818e-01
9.812958658325593442e-01
1.020205991403061230e+00
1.103829969197949401e+00
8.823221512187315874e-01
1.369638972531252108e+00
8.537354164286433678e-01
1.289098387490457132e+00
