1.097734733500336457e+00
6.775882582873449245e-01
5.137617294874485818e-01
4.614898810673669916e-01
1.378405877646976085e+00
8.268349796898224469e-01
7.511593667267476571e-01
1.036055631027027690e+00
1.140493130152951951e+00
1.341662488971368195e+00
1.122043077679005574e+00
1.063911824375540771e+00
6.385671145404532290e-01
9.512673711110064545e-01
1.256739825429233459e+00
7.786449737184052422e-01
1.578635132225316262e+00
8.779792957343609539e-01
1.132450569807832430e+00
6.008130449208293200e-01
