1.327018710455559969e+00
6.726428173007488187e-01
1.329610393358233278e+00
1.177044684848422174e+00
7.515757521962143084e-01
8.632675482705290948e-01
1.200465353024832371e+00
9.720087483391954830e-01
1.319484409977928818e+00
1.335026060790963864e+00
9.310354718646134398e-01
1.083026706937890937e+00
1.316474063435297825e+00
9.852772092700474715e-01
6.675880321060593259e-01
1.132452305143592186e+00
1.002667590728755442e+00
7.743914047379032439e-01
1.222410809327658665e+00
6.548170078059746269e-01
