1.271292794632409295e+00
1.103117661674301697e+00
1.273927599995810178e+00
1.253687859591297915e+00
8.050470447778672600e-01
8.131069663803156544e-01
9.484849592516499950e-01
4.712130710325693750e-01
7.627620313893863635e-01
7.507602057884633640e-01
8.676204170431179863e-01
1.382464650221113089e+00
8.565665426136584992e-01
6.027839256835171300e-01
1.180665246507316191e+00
1.111695622321285271e+00
7.444569991383206409e-01
1.122806848239142230e+00
1.006311990590894379e+00
9.291514680896568734e-01
