1.202481583827428535e+00
8.617624377490266108e-01
7.096424802432871326e-01
7.629080127911130882e-01
1.034295322113049309e+00
8.006067149101694369e-01
6.884377682500402162e-01
9.193996853900878730e-01
1.051035864259324715e+00
1.260241653016891838e+00
6.385693848149986973e-01
1.245747726853487336e+00
1.223631478570845976e+00
1.153684117885681815e+00
9.300267218972472216e-01
8.279742501072335781e-01
1.108916629713863955e+00
1.588713251372878776e+00
9.663978084860057605e-01
8.648296176518734946e-01
