1.088856369475684760e+00
7.719255873174459825e-01
1.126768644080497594e+00
1.135956067813000736e+00
4.276470685916962111e-01
8.517278611470489036e-01
1.209773655043196339e+00
1.356179712586908614e+00
1.376015540811405646e+00
1.021160531906635249e+00
1.175683227454072721e+00
1.151980870789998113e+00
5.958952607562673087e-01
9.499313580349502129e-01
8.883793391144620966e-01
5.706473005136676324e-01
1.099077493756186907e+00
8.633150196254369968e-01
9.276554629843143385e-01
1.063649674644388199e+00
