5.617144797392705780e-01
9.629072464450498803e-01
9.369531184884731800e-01
1.232690970241003381e+00
8.700026252616896993e-01
1.395600476224844400e+00
1.288398454597800669e+00
6.413141676819464898e-01
1.027630406237170391e+00
1.059868061728515443e+00
8.713520143587654143e-01
9.611965616258622003e-01
1.076485405948364393e+00
8.189104055924665282e-01
1.189862238722364962e+00
1.123272076949358489e+00
7.990201465448809603e-01
6.366232585212006079e-01
6.187876027302150472e-01
1.291821887938606084e+00
