8.992958423804818802e-01
9.359600594698278542e-01
1.208408560090111106e+00
8.522806750092855044e-01
1.153686117638626829e+00
5.472330100709641432e-01
8.363685742735335049e-01
1.255072330276370440e+00
6.536886928067167091e-01
1.409059959677421370e+00
1.161331580010217523e+00
1.404081684935678531e+00
1.027062786922173565e+00
1.085630516874853235e+00
7.957881463581923942e-01
7.305653897297785804e-01
7.918675996889469326e-01
7.450594704330861795e-01
1.315407951234154993e+00
1.371873246978364991e+00
