1.027312806250391564e+00
8.761321415554947922e-01
1.063917716167122274e+00
1.045951005506439824e+00
9.642401831707257953e-01
1.159870282376591621e+00
8.809577677733935186e-01
1.274270064453208562e+00
1.558057227444337389e+00
1.339515448164205758e+00
8.905561523539511359e-01
9.690870878238322383e-01
1.208693175676633258e+00
1.143972885734648059e+00
8.909009912960854649e-01
7.120417530102760573e-01
6.737381493500602669e-01
6.537236488490600905e-01
7.607742845094249695e-01
1.576054632176014714e+00
