1.362082910438207728e+00
7.345829994826342801e-01
8.475450604051301129e-01
1.141269703606360375e+00
8.612736844134190051e-01
1.103500573438705112e+00
9.519087591864157094e-01
1.158935377186888438e+00
8.267464243830140447e-01
1.103342084593495365e+00
9.086554064286203047e-01
6.091752539790941112e-01
1.369907919800937623e+00
8.799925216365144243e-01
1.129725939934144385e+00
1.133825059819602021e+00
6.159435999566913456e-01
5.283092144392824707e-01
8.265745869389788947e-01
9.676712406912872932e-01
