5.925360065543389787e+00
3.899516893494360481e+00
4.891482007956211575e+00
6.996957882820019847e+00
4.933818875203565213e+00
4.636637866168997313e+00
4.494834894461539498e+00
6.938660408515925582e+00
4.529608209486268855e+00
4.757750883552384735e+00
4.097763788171267407e+00
3.816291751693538181e+00
6.125250637513094176e+00
3.225778750934799710e+00
2.399843240280671530e+00
4.372289543562152936e+00
5.594813330009422714e+00
5.246183067698011904e+00
5.682111280467193382e+00
2.803806299482924036e+00
