3.328565253685573211e+00
3.940713010547643780e+00
4.310785932062667136e+00
4.465556069574397213e+00
5.887283004791171948e+00
5.051480909013907450e+00
4.023541939625646435e+00
4.306507701625720941e+00
5.184072161479643448e+00
4.163047432015801519e+00
5.106363223654750705e+00
6.434664291630630473e+00
5.137308332264280075e+00
4.917215784801372891e+00
4.526628168488539217e+00
5.682709341708086725e+00
5.281152981221363341e+00
4.661695021836682606e+00
3.808513206722973443e+00
5.667826377147072492e+00
