4.128415649203468263e+00
4.872116528800217061e+00
4.191360140017729385e+00
5.381414128962610732e+00
5.097067933259801009e+00
5.039970897204125500e+00
4.471372601620388743e+00
5.235143362913868614e+00
3.592324692276247955e+00
3.460972847540984887e+00
3.617895913225952498e+00
5.121502003001602965e+00
6.166570064649126159e+00
4.579463826350180788e+00
7.538276385644103961e+00
4.453766806807546885e+00
5.392006470569680410e+00
3.376703135743146511e+00
6.088333921929767634e+00
6.060015444547536489e+00
