5.175294264546932865e+00
4.560431212941794321e+00
5.968094799364670244e+00
5.610311010252175379e+00
5.732380963950197916e+00
2.994547740501228184e+00
4.655630770833416143e+00
5.135357941979747487e+00
5.029297556313076178e+00
5.493392952677383256e+00
4.131460387591057604e+00
3.959305366681892480e+00
4.828642251953027653e+00
7.374060764958189296e+00
5.164052604799984181e+00
4.651080891768543779e+00
5.329381812143173747e+00
5.562412268133835269e+00
4.542566587867941763e+00
6.286256361396673320e+00
