7.477234690829439145e+00
6.357441993283810433e+00
3.826273400992642237e+00
4.139819937689463991e+00
6.178304006578240859e+00
4.752435345910973830e+00
4.122972143868830486e+00
5.871976241521577045e+00
2.964524341410605945e+00
5.557554219164849485e+00
6.118617556875599384e+00
5.788568555083272393e+00
4.710025125165807403e+00
4.996456795167262044e+00
5.763415698287930766e+00
5.115554590568100579e+00
5.761160513462488808e+00
6.251975532900823751e+00
4.930951849241604457e+00
4.681093522844454569e+00
