4.957512680273978845e+00
6.309967352852627442e+00
6.494004549967307582e+00
5.900494123153618098e+00
4.458670054735391020e+00
4.671032775191690689e+00
4.490207848801527568e+00
4.764152263410688981e+00
4.976459168750217543e+00
4.029825214162369384e+00
4.903899904528677745e+00
4.964777191116537480e+00
5.722533542775064319e+00
5.413035217486095618e+00
3.553840698744318516e+00
3.378035847002297309e+00
5.156014003645912780e+00
4.482239408800269054e+00
5.075930284620052468e+00
5.104842793617524244e+00
