3.639710829244666712e+00
4.269465644320323605e+00
5.591024526587741406e+00
6.741001326689803896e+00
4.007838786299254608e+00
6.915419896420635482e+00
6.002450881630817747e+00
4.262713188745941295e+00
5.356576799942924794e+00
3.553313888262927822e+00
3.907306840051044894e+00
5.449780548629719945e+00
4.660304472825876232e+00
3.411192443051506373e+00
6.119505156039875438e+00
4.772952376883488057e+00
5.846358111960901383e+00
3.524463680344690264e+00
5.032541170225028004e+00
3.957971291319703155e+00
