5.751474472822129869e+00
4.460567538553887879e+00
2.609514199532129375e+00
5.276724989911440566e+00
4.149118876085902130e+00
5.573948595077830248e+00
3.959566876223854948e+00
4.265576298897384433e+00
6.005243145760192469e+00
4.685550889717756462e+00
4.966010211198671698e+00
4.228339724134242417e+00
5.742493265041927586e+00
6.079850297359838507e+00
3.168579382207608930e+00
5.349578697042369768e+00
6.771125788265965006e+00
6.149520999655523568e+00
5.544302310007658718e+00
5.625354528597362069e+00
