5.708291437047702033e+00
4.072991253417960422e+00
4.022349198000407355e+00
5.158994602061432566e+00
3.626392590129737137e+00
4.132263257340982321e+00
5.733794408854183011e+00
7.179792195909358909e+00
4.285432280889158285e+00
6.393793547940895827e+00
3.299261861045668098e+00
6.314286510816805809e+00
3.977397029286229291e+00
6.179581049105778767e+00
5.552794129418565205e+00
3.556915458828671994e+00
5.129110678578185478e+00
2.995248302176541699e+00
4.204335145588466105e+00
4.299422597199492380e+00
