5.899110694045623937e+00
3.851599662259419965e+00
3.539904922203144011e+00
4.549231137201565467e+00
5.541482957108101459e+00
6.210998838660253263e+00
6.346449514938540482e+00
5.410163007529633639e+00
5.707888797791254909e+00
4.237948692528984651e+00
3.424610301617256880e+00
6.646084092356299600e+00
4.884900440582271131e+00
2.431705597739992619e+00
5.529466413579147144e+00
4.500788331619807181e+00
3.163270487378276208e+00
4.550340206114577235e+00
4.813274953049812233e+00
4.837771933990835826e+00
