4.729843448660862038e+00
6.369919423635433731e+00
5.719203175524724792e+00
5.486224308059666654e+00
2.665062664113145630e+00
5.145164506251595604e+00
4.359261589645707424e+00
4.024088213663748803e+00
5.723722445787347901e+00
4.583955385019282680e+00
4.641161803002852970e+00
5.225074857451073029e+00
5.345711636248597465e+00
5.092713141076669281e+00
5.891338346554892524e+00
4.354316960148794990e+00
5.655747865328840440e+00
4.703337505409703745e+00
4.428893186868364751e+00
4.613740384134366046e+00
