2.796593094160047865e+00
2.251616824572941766e+00
2.287864058325804084e+00
2.868795462674106567e+00
2.871195004269942341e+00
2.352490926023075524e+00
3.203412650063324207e+00
2.996578694967952927e+00
2.529296910555001165e+00
3.803256545880925543e+00
2.681454209929586163e+00
3.061565551025138721e+00
3.830832420186008225e+00
2.459423088762605403e+00
3.469895061905642564e+00
2.874341151022301144e+00
2.458195901781638604e+00
3.288666808543888820e+00
2.688357519747030633e+00
3.004345160636699319e+00
