6.311956807300310501e+00
5.753631167807213842e+00
5.789093313146129738e+00
4.553514495518113492e+00
6.054002854592178906e+00
5.365646855511810642e+00
5.227239086144158442e+00
6.377343363068947113e+00
5.425898101035969923e+00
3.861093333238525105e+00
4.866460586367171715e+00
5.510843672708300112e+00
4.729849566882416312e+00
4.706413718356968090e+00
3.635222903302380182e+00
3.942990333263812097e+00
5.246844001716059580e+00
4.366592575166806434e+00
4.433130200898335538e+00
5.990861246939067186e+00
