1.878840598677802731e+00
2.654070801982712169e+00
2.825432173195121077e+00
2.961849593598214092e+00
3.600530200790944768e+00
1.823733699612544612e+00
3.763377016768790995e+00
2.655205186072763457e+00
3.157796699767272841e+00
3.317157473306026727e+00
2.934775501072954818e+00
2.618650824515317055e+00
2.496962249114162535e+00
3.400450090986559815e+00
3.865717482323249410e+00
3.360573697395621728e+00
3.758685240022375140e+00
2.919332324710675053e+00
2.911627672832163949e+00
3.236876728691326033e+00
