3.798692620250412766e+00
3.269346306325042750e+00
4.115936042685081730e+00
3.119196598502459672e+00
2.985988872724131937e+00
3.012037983581787426e+00
2.623801694243527827e+00
2.984937752379814846e+00
2.468967295359827396e+00
3.085573082827159919e+00
2.383615199466361467e+00
2.781556874631119669e+00
3.474008680239892843e+00
3.596384895640919233e+00
2.363608141821314401e+00
2.540888376694677486e+00
3.294324162545993140e+00
3.031284663533983625e+00
2.095733039597138969e+00
3.409329338236674278e+00
