2.916907523137930003e+00
2.308186393213154997e+00
2.527632551590308640e+00
3.079647816452522502e+00
3.371478156325600661e+00
3.200537569442000407e+00
2.511202245240417241e+00
3.017675692730111159e+00
3.046974821015500989e+00
2.989431503106126709e+00
2.553087288394037202e+00
2.804525394154643081e+00
3.994513774080119539e+00
2.189413196155753027e+00
2.102120759318111265e+00
3.221560019586480195e+00
2.779379770644585523e+00
2.498573325759313235e+00
2.808327388018091675e+00
3.949700890749873849e+00
