3.109685801489261436e+00
2.406913825215096558e+00
3.086238096995590041e+00
2.320567897511113475e+00
2.199981763442823812e+00
3.626196035547337271e+00
2.830737150289242887e+00
3.162392663249835589e+00
2.866828929168310225e+00
3.265511691012414897e+00
3.395225331957490766e+00
3.218824610536026309e+00
2.813321253133179489e+00
2.838188748016835738e+00
3.313586833416549471e+00
3.766657636934653830e+00
2.927283502741278021e+00
2.514779919523605578e+00
2.352202728779562602e+00
3.546816523333038429e+00
