2.706963463783488066e+00
3.835912597047713923e+00
3.573765688057767953e+00
3.590076020182612293e+00
2.643248878273462665e+00
3.834318001724728919e+00
2.940477413046289623e+00
3.956074593752318513e+00
3.162935053257388773e+00
2.612570766472373851e+00
2.801871367268128132e+00
2.948869567679558656e+00
3.330394026285603104e+00
3.090628903668747984e+00
3.090521256344381573e+00
2.926830404345007075e+00
2.529197259989967694e+00
2.946004158916920357e+00
2.913885598992286496e+00
3.083487613878907574e+00
