5.638019642052450209e+00
5.082180415429784048e+00
5.288521068627209054e+00
4.493220516515582297e+00
3.582788432751328855e+00
5.177463936128957833e+00
3.446378554506896563e+00
5.765602000826137719e+00
5.800577524635233573e+00
4.869483822565085163e+00
6.185125055140347605e+00
5.240534066791371792e+00
5.868088788997677163e+00
7.212103723535511435e+00
5.592519407876372917e+00
5.288374731951599905e+00
3.605994754716123296e+00
5.596531573308947571e+00
5.572930779650770994e+00
4.974966367744725559e+00
