2.793262079366769957e+00
3.824153720793118438e+00
2.154607514720173977e+00
2.992173182157622069e+00
3.365763459623260179e+00
2.590207121143941471e+00
3.485948016336860800e+00
2.136183432976677565e+00
2.260399533558830498e+00
3.468118242041741350e+00
2.615606331722931444e+00
3.108339913124735787e+00
2.838457539241578065e+00
2.698843502460008370e+00
2.628532634771441945e+00
3.298295849881591302e+00
3.191774948350902807e+00
3.290571325174060480e+00
2.840050471350407779e+00
3.650799691189746010e+00
